function [I,map] = checkedIcon()
I = uint8(...
    [1,1,1,1,1,1,1,1,1,1,1,1,1,1,0,0;
    2,2,2,2,2,2,2,2,2,2,2,2,2,0,0,1;
    2,2,2,2,2,2,2,2,2,2,2,2,0,2,3,1;
    2,2,1,1,1,1,1,1,1,1,1,0,2,2,3,1;
    2,2,1,1,1,1,1,1,1,1,0,1,2,2,3,1;
    2,2,1,1,1,1,1,1,1,0,1,1,2,2,3,1;
    2,2,1,1,1,1,1,1,0,0,1,1,2,2,3,1;
    2,2,1,0,0,1,1,0,0,1,1,1,2,2,3,1;
    2,2,1,1,0,0,0,0,1,1,1,1,2,2,3,1;
    2,2,1,1,0,0,0,0,1,1,1,1,2,2,3,1;
    2,2,1,1,1,0,0,1,1,1,1,1,2,2,3,1;
    2,2,1,1,1,0,1,1,1,1,1,1,2,2,3,1;
    2,2,1,1,1,1,1,1,1,1,1,1,2,2,3,1;
    2,2,2,2,2,2,2,2,2,2,2,2,2,2,3,1;
    2,2,2,2,2,2,2,2,2,2,2,2,2,2,3,1;
    1,3,3,3,3,3,3,3,3,3,3,3,3,3,3,1]);
map = [0.023529,0.4902,0;
    1,1,1;
    0,0,0;
    0.50196,0.50196,0.50196;
    0.50196,0.50196,0.50196;
    0,0,0;
    0,0,0;
    0,0,0];
end